000000000000000
000000000000000
000000000000000
000000000000000
0000000*0000000
000000000000000
000000000000000
000000000000000
000000000000000
------------------------------
000000000000000

000000000000000
000000000000000
0000000*0000000
000000000000000
000000000000000

000000000000000
------------------------------
0 00000000000 0
0 00000000000 0
0 00000000000 0
0 00000000000 0
0 00000*00000 0
0 00000000000 0
0 00000000000 0
0 00000000000 0
0 00000000000 0
------------------------------
000000000000000
0             0
0 00000000000 0
0 00000000000 0
0 00000*00000 0
0 00000000000 0
0 00000000000 0
0             0
000000000000000
------------------------------
000000000000000
000000000000000
000000000000000
000000000000000
000000000000000


000000000000000
0000000*0000000
------------------------------